4
19
89
1
35
65
10
31
94
40
80
36
93
13
72
79
31
96
62
17
75
92
60
29
24
89
30
97
33
87
16
34
85
91
55
92
46
39
54
50
95
70
54
10
47
23
21
75
6
59
36
35
35
44
12
11
59
60
77
45
35
12
98
7
25
46
50
2
58
79
33
91
42
12
21
6
38
50
81
1
69
55
92
73
51
80
99
42
80
44
34
85
62
10
16
84
71
47
85
1
72
20
17
26
26
44
93
23
23
6
73
10
79
76
76
79
19
26
56
44
47
9
21
14
46
48
30
33
96
37
35
90
64
80
28
49
38
67
47
7
87
76
19
74
71
25
7
85
33
36
66
46
91
42
54
64
98
4
79
77
15
60
27
86
71
82
45
98
49
27
42
51
78
49
56
71
89
46
42
22
42
45
99
61
70
89
99
23
27
63
51
35
87
70
92
27
49
33
4
89
79
8
37
6
93
15
68
43
85
82
75
52
61
58
36
70
61
66
16
81
83
23
71
85
76
8
64
9
56
30
22
56
43
53
42
34
9
93
67
55
21
56
38
45
88
98
73
30
34
23
66
83
17
22
7
57
37
51
30
86
51
60
87
56
60
19
10
9
16
2
62
67
98
61
60
27
84
27
97
77
34
34
74
33
63
39
40
21
46
85
97
57
64
80
5
61
69
82
84
70
89
65
14
33
61
98
84
56
62
79
72
10
54
52
53
17
85
54
92
22
78
89
62
31
4
5
4
19
56
99
58
3
42
28
88
68
21
42
72
64
55
84
59
66
13
88
4
12
28
88
76
15
89
63
91
1
4
83
29
57
95
66
99
62
22
70
67
27
64
84
96
44
82
29
66
94
31
95
19
16
2
92
91
68
24
43
14
79
36
88
65
37
13
15
69
88
84
96
45
43
21
76
48
43
91
32
33
61
96
96
69
9
65
14
55
4
75
32
39
79
57
88
90
75
19
59
31
67
59
78
11
34
51
76
94
25
44
48
76
91
10
52
82
40
19
57
72
99
60
66
14
52
57
65
85
32
86
72
24
33
1
65
2
19
86
36
57
89
19
31
59
27
56
47
69
5
6
51
57
62
86
32
8
93
64
58
76
85
90
62
39
72
24
43
91
44
51
64
53
83
99
83
80
29
8
86
96
10
95
81
27
35
15
62
46
69
58
8
54
28
59
72
98
56
91
86
4
13
56
26
54
42
97
74
62
4
51
78
86
78
62
67
90
9
36
5
57
62
97
22
86
43
10
25
24
28
84
25
38
21
83
83
54
70
28
84
37
41
99
43
18
79
22
76
66
92
81
90
20
87
29
41
16
35
39
11
33
72
50
35
19
27
41
65
95
78
14
20
81
52
67
17
62
55
5
7
21
34
59
32
46
94
5
51
91
42
68
19
31
17
52
64
91
65
24
91
39
56
81
87
79
61
9
68
21
13
79
60
31
33
89
98
14
18
88
25
22
89
74
53
11
94
89
65
1
3
26
97
32
13
67
65
53
72
53
84
86
36
31
78
63
8
88
98
27
53
51
73
77
98
69
49
82
28
77
84
72
44
68
18
87
82
29
18
65
25
46
42
64
4
39
85
59
95
90
3
6
91
38
48
52
52
20
33
44
18
83
26
94
68
13
42
68
13
91
80
78
71
33
3
7
10
9
73
60
83
90
86
37
74
79
81
6
21
66
35
62
95
74
48
42
21
47
96
91
96
18
47
5
11
25
35
58
36
41
43
44
47
73
60
28
96
88
21
89
31
37
48
47
56
19
82
96
85
61
86
62
13
82
63
66
43
81
27
50
45
23
70
79
24
91
16
23
15
20
45
32
26
7
60
60
69
1
49
91
42
38
73
75
54
80
32
65
10
93
84
15
62
71
45
9
66
69
23
64
4
60
82
65
16
54
36
6
22
4
97
43
33
35
9
7
50
95
25
43
60
50
13
21
35
30
70
55
61
52
93
1
77
84
88
81
56
8
59
1
44
26
43
7
96
42
82
27
63
39
59
71
44
80
5
53
47
62
30
86
83
81
45
70
10
97
65
48
47
27
51
42
37
25
98
35
8
7
24
92
47
44
92
23
92
23
57
96
80
35
34
93
77
72
17
63
81
72
97
99
76
35
79
36
87
18
35
19
81
70
45
41
39
37
39
40
89
22
78
86
40
68
68
13
92
57
64
64
8
36
54
36
10
24
17
13
64
56
35
75
88
38
16
11
89
93
55
40
34
77
74
59
94
11
59
8
67
67
44
30
53
71
12
46
17
